32 32 302
35 35 302
38 38 302
41 41 312
45 45 297
50 50 302
54 54 303
60 60 303
65 65 309
72 72 300
78 78 302
86 86 305
94 94 304
103 103 313
113 113 299
123 123 302
135 135 302
148 148 301
162 162 311
177 177 304
194 194 300
212 212 301
232 232 303
254 254 317
278 278 301
305 305 302
333 333 301
365 365 302
399 399 319
437 437 304
478 478 303
524 524 304
573 573 301
627 627 316
686 686 306
751 751 301
822 822 298
900 900 300
985 985 302
1078 1078 298
1180 1180 310
1291 1291 303
1413 1413 295
1546 1546 301
1692 1692 299
1852 1852 305
2027 2027 301
2218 2218 296
2428 2428 307
2657 2657 304
2908 2908 310
3182 3182 301
3483 3483 306
3811 3811 305
4171 4171 323
4565 4565 305
4996 4996 310
5467 5467 310
5983 5983 315
6548 6548 318
7166 7166 320
7843 7843 326
8583 8583 328
9393 9393 341
10280 10280 334
