32 32 302
35 35 300
38 38 318
41 41 303
45 45 299
50 50 308
54 54 302
60 60 310
65 65 299
72 72 303
78 78 299
86 86 300
94 94 305
103 103 297
113 113 299
123 123 300
135 135 301
148 148 302
162 162 298
177 177 298
194 194 305
212 212 307
232 232 298
254 254 298
278 278 299
305 305 303
333 333 302
365 365 305
399 399 300
437 437 299
478 478 307
524 524 303
573 573 299
627 627 303
686 686 301
751 751 309
822 822 303
900 900 314
985 985 305
1078 1078 313
1180 1180 313
1291 1291 308
1413 1413 310
1546 1546 315
1692 1692 321
1852 1852 324
2027 2027 326
2218 2218 341
2428 2428 339
2657 2657 357
2908 2908 352
