256 0.000038 882.491174 
512 0.000219 1226.996642 
768 0.000684 1324.659644 
1024 0.001597 1344.931764 
1280 0.003035 1381.823075 
1536 0.005247 1381.270333 
1792 0.007681 1498.364487 
2048 0.010726 1601.662264 
2304 0.015251 1603.950233 
2560 0.021138 1587.376649 
2816 0.028244 1581.276377 
3072 0.036756 1577.494368 
3328 0.046717 1578.004725 
3584 0.058229 1581.222650 
3840 0.071849 1576.174537 
4096 0.086589 1587.259516 
4352 0.105344 1564.906819 
4608 0.125072 1564.614630 
4864 0.146842 1567.325234 
5120 0.171075 1569.106954 
5376 0.198533 1565.219805 
5632 0.228716 1562.144399 
5888 0.260833 1565.206116 
6144 0.296939 1562.129056 
