256 0.000056 602.976461 
512 0.000294 912.956322 
768 0.000951 952.199349 
1024 0.002205 973.958566 
1280 0.004069 1030.854314 
1536 0.007091 1022.057021 
1792 0.011083 1038.469271 
2048 0.016430 1045.636578 
2304 0.023376 1046.422136 
2560 0.032102 1045.243193 
2816 0.042782 1043.908756 
3072 0.055591 1043.015430 
3328 0.070837 1040.679571 
3584 0.088352 1042.122452 
3840 0.109582 1033.441241 
4096 0.133200 1031.820176 
4352 0.159670 1032.461028 
4608 0.189948 1030.226231 
4864 0.224160 1026.720530 
5120 0.261679 1025.820734 
5376 0.304517 1020.459999 
5632 0.350765 1018.595016 
5888 0.402579 1014.104410 
6144 0.458270 1012.190918 
