256 0.000057 588.723810 
512 0.000103 2607.668367 
768 0.000171 5303.874483 
1024 0.000383 5601.741442 
1280 0.000724 5792.162275 
1536 0.001143 6340.560044 
1792 0.001655 6955.572921 
2048 0.002207 7784.596453 
2304 0.002961 8260.769079 
2560 0.003963 8466.288108 
2816 0.005355 8340.627114 
3072 0.007048 8226.261407 
3328 0.008912 8271.937354 
3584 0.011475 8023.498981 
3840 0.013902 8146.043468 
4096 0.017321 7934.946249 
4352 0.020728 7953.189430 
4608 0.024544 7973.157311 
4864 0.028988 7939.482711 
5120 0.033540 8003.520916 
5376 0.039033 7961.161289 
5632 0.045261 7893.898597 
5888 0.051298 7958.455485 
6144 0.058410 7941.427512 
