256 0.000169 198.072492 
512 0.001244 215.847430 
768 0.004023 225.198143 
1024 0.009509 225.845131 
1280 0.014780 283.777805 
1536 0.025069 289.111434 
1792 0.039590 290.705644 
2048 0.058886 291.746594 
2304 0.083460 293.087451 
2560 0.114836 292.194998 
2816 0.152517 292.826732 
3072 0.197896 292.992904 
3328 0.251595 293.006718 
3584 0.314708 292.567286 
3840 0.389076 291.064567 
4096 0.472337 290.976320 
4352 0.566381 291.063545 
4608 0.671303 291.506727 
4864 0.790075 291.301191 
5120 0.921074 291.437415 
5376 1.066227 291.445986 
5632 1.235707 289.136173 
5888 1.411024 289.333705 
6144 1.604316 289.130441 
