256 0.000058 573.870416 
512 0.000107 2511.408856 
768 0.000172 5262.468259 
1024 0.000393 5460.578227 
1280 0.000748 5604.576682 
1536 0.001177 6156.073612 
1792 0.001510 7620.578367 
2048 0.002039 8423.763935 
2304 0.003137 7798.538164 
2560 0.004013 8360.997025 
2816 0.005550 8046.433349 
3072 0.007209 8042.808769 
3328 0.009090 8109.793234 
3584 0.011737 7844.819935 
3840 0.014254 7944.980544 
4096 0.017580 7818.099197 
4352 0.021111 7808.950526 
4608 0.025223 7758.461563 
4864 0.029675 7755.777088 
5120 0.033914 7915.145798 
5376 0.039807 7806.360646 
5632 0.046204 7732.884894 
5888 0.052513 7774.430986 
6144 0.059917 7741.650039 
