256 0.000071 470.783469 
512 0.000133 2020.377596 
768 0.000212 4267.001318 
1024 0.000458 4688.927185 
1280 0.000821 5105.719705 
1536 0.001268 5715.968862 
1792 0.001851 6216.914712 
2048 0.002578 6664.468656 
2304 0.003637 6724.946917 
2560 0.004266 7865.012284 
2816 0.005864 7616.123702 
3072 0.007551 7679.189242 
3328 0.009555 7715.395518 
3584 0.012349 7455.715415 
3840 0.014746 7679.838303 
4096 0.018180 7559.811976 
4352 0.021969 7503.988337 
4608 0.025978 7533.033220 
4864 0.030404 7569.834379 
5120 0.035187 7628.799529 
5376 0.041214 7539.883397 
5632 0.047519 7518.892406 
5888 0.052990 7704.440054 
6144 0.062012 7480.091769 
