256 0.000041 809.961351 
512 0.000244 1100.650511 
768 0.000763 1186.609471 
1024 0.001792 1198.173648 
1280 0.003390 1237.326749 
1536 0.005279 1372.841039 
1792 0.007996 1439.444758 
2048 0.011948 1437.842327 
2304 0.017061 1433.749031 
2560 0.023540 1425.448141 
2816 0.031758 1406.296784 
3072 0.040598 1428.200430 
3328 0.051884 1420.833677 
3584 0.064575 1425.839216 
3840 0.079846 1418.314077 
4096 0.096621 1422.458114 
4352 0.116770 1411.771403 
4608 0.138487 1413.054359 
4864 0.162822 1413.502155 
5120 0.190394 1409.890922 
5376 0.220106 1411.808031 
5632 0.253603 1408.848829 
5888 0.289614 1409.659280 
6144 0.329747 1406.703484 
