256 0.000182 184.355282 
512 0.001244 215.725314 
768 0.004024 225.166451 
1024 0.009476 226.621685 
1280 0.014610 287.090056 
1536 0.025304 286.421752 
1792 0.039959 288.026359 
2048 0.059355 289.441631 
2304 0.084819 288.394202 
2560 0.116705 287.515064 
2816 0.154968 288.195164 
3072 0.201062 288.378402 
3328 0.255724 288.276115 
3584 0.318551 289.037824 
3840 0.392294 288.677072 
4096 0.476019 288.725859 
4352 0.570872 288.774042 
4608 0.676650 289.203290 
4864 0.796501 288.951209 
5120 0.928563 289.086835 
5376 1.074795 289.122753 
5632 1.235961 289.076806 
5888 1.411233 289.290788 
6144 1.604261 289.140204 
