256 0.000029 1170.416302 
512 0.000062 4298.984346 
768 0.000154 5866.828094 
1024 0.000298 7206.707536 
1280 0.000557 7524.527902 
1536 0.000880 8233.932020 
1792 0.001423 8086.007350 
2048 0.002075 8277.559839 
2304 0.002998 8158.417730 
2560 0.003989 8411.467185 
2816 0.005308 8413.837837 
3072 0.006746 8595.146537 
3328 0.008577 8594.949187 
3584 0.010547 8729.956947 
3840 0.013259 8541.198548 
4096 0.016014 8582.510806 
4352 0.019486 8459.874153 
4608 0.023372 8372.961225 
4864 0.027116 8487.688845 
5120 0.031631 8486.464690 
5376 0.037125 8370.308190 
5632 0.042402 8426.212238 
5888 0.048644 8392.695306 
6144 0.055324 8384.320876 
