256 0.000028 1215.740263 
512 0.000089 3014.557091 
768 0.000262 3451.491837 
1024 0.000544 3946.558672 
1280 0.001002 4184.355092 
1536 0.001709 4240.771899 
1792 0.002372 4851.997064 
2048 0.003672 4679.151902 
2304 0.005254 4655.353949 
2560 0.007187 4668.602513 
2816 0.009771 4570.571724 
3072 0.012743 4550.114543 
3328 0.016132 4569.752673 
3584 0.020312 4532.940505 
3840 0.025064 4518.367930 
4096 0.030633 4486.623628 
4352 0.036451 4522.629468 
4608 0.043663 4481.777551 
4864 0.051234 4492.115425 
5120 0.059894 4481.875975 
5376 0.069207 4490.099753 
5632 0.079540 4491.944533 
5888 0.091661 4453.998911 
6144 0.104464 4440.328543 
