256 0.000071 473.333655 
512 0.000133 2014.942356 
768 0.000237 3818.763976 
1024 0.000505 4255.152729 
1280 0.000978 4287.546310 
1536 0.001551 4673.878656 
1792 0.001938 5938.949310 
2048 0.002806 6122.073074 
2304 0.004160 5880.652397 
2560 0.005372 6246.740771 
2816 0.007388 6045.079443 
3072 0.009456 6131.473571 
3328 0.011975 6156.172413 
3584 0.015382 5985.929573 
3840 0.018606 6086.541546 
4096 0.022757 6039.371761 
4352 0.027427 6010.675847 
4608 0.032610 6000.884523 
4864 0.038126 6036.616937 
5120 0.044498 6032.497514 
5376 0.051788 6000.367745 
5632 0.060271 5928.027025 
5888 0.067486 6049.459934 
6144 0.077755 5965.601908 
