256 0.000078 430.202650 
512 0.000429 625.623362 
768 0.001389 652.091984 
1024 0.003312 648.381716 
1280 0.005471 766.585442 
1536 0.009197 788.059520 
1792 0.014538 791.657496 
2048 0.021744 790.084352 
2304 0.030895 791.744133 
2560 0.042672 786.339487 
2816 0.056686 787.865813 
3072 0.073472 789.176544 
3328 0.093740 786.421778 
3584 0.117001 786.947265 
3840 0.144127 785.739935 
4096 0.173702 791.233758 
4352 0.209797 785.773414 
4608 0.248577 787.237700 
4864 0.292559 786.677182 
5120 0.341519 786.005174 
5376 0.394982 786.738995 
5632 0.454862 785.486228 
5888 0.519947 785.189203 
6144 0.589951 786.262144 
